R	3.0412	1.5730	0.7616	1477010443300000	-0.0118	2.9997	-0.0785	0.9969
L	-0.4070	3.1487	1477010443700000	-0.0712	3.3950	-0.2028	0.9792
R	4.1080	1.6351	0.9889	1477010444100000	-0.1797	3.7797	-0.3239	0.9461
L	-0.4081	4.3157	1477010444500000	-0.3356	4.1478	-0.4399	0.8980
R	4.7409	1.6905	1.0562	1477010444900000	-0.5364	4.4935	-0.5490	0.8358
L	-0.5816	4.7048	1477010445300000	-0.7789	4.8112	-0.6494	0.7604
R	5.1273	1.7274	1.1648	1477010445700000	-1.0593	5.0961	-0.7396	0.6730
L	-1.3830	5.4607	1477010446100000	-1.3732	5.3436	-0.8181	0.5750
R	5.8144	1.8722	0.4887	1477010446500000	-1.7157	5.5498	-0.8838	0.4679
L	-2.0025	5.8330	1477010446900000	-2.0813	5.7114	-0.9354	0.3535
R	5.6831	2.0107	0.7628	1477010447300000	-2.4643	5.8259	-0.9724	0.2334
L	-2.8390	6.0326	1477010447700000	-2.8586	5.8916	-0.9940	0.1097
R	6.5307	2.0719	0.8541	1477010448100000	-3.2580	5.9073	-0.9999	-0.0157
L	-3.6523	5.9616	1477010448500000	-3.6563	5.8728	-0.9900	-0.1409
R	7.1199	2.1934	0.1510	1477010448900000	-4.0471	5.7886	-0.9646	-0.2639
L	-3.8441	5.6287	1477010449300000	-4.4242	5.6562	-0.9239	-0.3827
R	6.8834	2.2634	0.2524	1477010449700000	-4.7818	5.4775	-0.8686	-0.4955
L	-4.7295	5.4036	1477010450100000	-5.1142	5.2554	-0.7997	-0.6004
R	7.2291	2.3761	-0.0543	1477010450500000	-5.4161	4.9934	-0.7181	-0.6959
L	-5.4126	4.5720	1477010450900000	-5.6828	4.6957	-0.6253	-0.7804
R	7.3917	2.5129	0.3973	1477010451300000	-5.9101	4.3668	-0.5225	-0.8526
L	-5.9362	4.1178	1477010451700000	-6.0944	4.0121	-0.4115	-0.9114
R	7.2792	2.6377	-0.1821	1477010452100000	-6.2327	3.6371	-0.2941	-0.9558
L	-6.1309	3.3280	1477010452500000	-6.3230	3.2476	-0.1719	-0.9851
R	6.5684	2.6905	-0.8731	1477010452900000	-6.3637	2.8500	-0.0471	-0.9989
L	-5.9858	2.4094	1477010453300000	-6.3543	2.4503	0.0784	-0.9969
R	6.8358	2.8616	-0.4492	1477010453700000	-6.2949	2.0550	0.2028	-0.9792
L	-6.1023	1.6387	1477010454100000	-6.1864	1.6703	0.3239	-0.9461
R	6.8664	2.8909	-0.5243	1477010454500000	-6.0305	1.3022	0.4399	-0.8980
L	-5.7841	0.9118	1477010454900000	-5.8297	0.9566	0.5490	-0.8358
R	5.7034	3.0155	-1.2249	1477010455300000	-5.5872	0.6388	0.6494	-0.7604
L	-5.0976	0.1994	1477010455700000	-5.3068	0.3539	0.7396	-0.6730
R	4.8856	3.1143	-0.6513	1477010456100000	-4.9928	0.1064	0.8181	-0.5750
L	-4.8251	-0.0099	1477010456500000	-4.6504	-0.0997	0.8838	-0.4680
R	5.0013	-3.1350	-0.5183	1477010456900000	-4.2848	-0.2614	0.9354	-0.3535
L	-3.9891	-0.4497	1477010457300000	-3.9018	-0.3759	0.9724	-0.2335
R	3.2968	-3.0307	-0.7161	1477010457700000	-3.5075	-0.4416	0.9940	-0.1098
L	-3.2731	-0.5122	1477010458100000	-3.1080	-0.4572	0.9999	0.0157
R	2.8125	-3.0035	-0.8499	1477010458500000	-2.7098	-0.4228	0.9900	0.1409
L	-2.1860	-0.3596	1477010458900000	-2.3190	-0.3386	0.9646	0.2638
R	1.8751	-3.0123	-0.9863	1477010459300000	-1.9419	-0.2062	0.9239	0.3827
L	-1.6371	-0.1751	1477010459700000	-1.5843	-0.0275	0.8686	0.4954
R	1.3366	2.9690	-0.3144	1477010460100000	-1.2519	0.1946	0.7997	0.6004
L	-1.0588	0.1677	1477010460500000	-0.9500	0.4566	0.7181	0.6959
R	1.3530	2.3004	-0.0979	1477010460900000	-0.6833	0.7543	0.6253	0.7804
L	-0.4036	1.0946	1477010461300000	-0.4560	1.0832	0.5225	0.8526
R	1.2310	1.7382	0.6288	1477010461700000	-0.2717	1.4379	0.4115	0.9114
L	-0.0789	1.7670	1477010462100000	-0.1334	1.8130	0.2941	0.9558
R	2.0633	1.5472	0.9874	1477010462500000	-0.0431	2.2024	0.1720	0.9851
L	-0.2328	2.6805	1477010462900000	-0.0024	2.6000	0.0471	0.9989
R	2.9821	1.5621	1.1081	1477010463300000	0.0039	2.9999	0.0471	0.9989
L	0.1356	3.3485	1477010463700000	0.0509	3.3969	0.1720	0.9851
R	3.6591	1.4422	0.6287	1477010464100000	0.1473	3.7848	0.2941	0.9558
L	0.4000	4.0523	1477010464500000	0.2915	4.1576	0.4115	0.9114
R	4.0726	1.4619	1.5362	1477010464900000	0.4813	4.5094	0.5225	0.8526
L	0.7006	4.8416	1477010465300000	0.7137	4.8347	0.6253	0.7804
R	5.1679	1.4009	0.9418	1477010465700000	0.9851	5.1282	0.7181	0.6959
L	1.3444	5.6537	1477010466100000	1.2911	5.3854	0.7997	0.6004
R	5.7741	1.2941	0.9047	1477010466500000	1.6269	5.6023	0.8686	0.4954
L	1.9415	5.8852	1477010466900000	1.9873	5.7753	0.9239	0.3827
R	6.7371	1.1713	0.5708	1477010467300000	2.3664	5.9018	0.9646	0.2638
L	2.7935	5.8308	1477010467700000	2.7585	5.9798	0.9900	0.1409
R	6.9072	1.1066	0.5591	1477010468100000	3.1572	6.0080	0.9999	0.0157
L	3.6367	5.9492	1477010468500000	3.5564	5.9861	0.9940	-0.1098
R	7.1167	0.9734	0.4962	1477010468900000	3.9496	5.9142	0.9724	-0.2335
L	4.3447	5.5246	1477010469300000	4.3308	5.7937	0.9354	-0.3535
R	6.9004	0.8792	-0.2433	1477010469700000	4.6938	5.6263	0.8838	-0.4680
L	4.9159	5.2994	1477010470100000	5.0330	5.4148	0.8181	-0.5750
R	7.2799	0.7892	0.1835	1477010470500000	5.3430	5.1624	0.7396	-0.6730
L	5.5398	4.9230	1477010470900000	5.6189	4.8732	0.6494	-0.7604
R	7.6508	0.6533	0.0178	1477010471300000	5.8564	4.5516	0.5490	-0.8358
L	6.1516	4.0693	1477010471700000	6.0517	4.2029	0.4399	-0.8980
R	7.4027	0.5576	0.1385	1477010472100000	6.2018	3.8324	0.3239	-0.9461
L	6.2946	3.6150	1477010472500000	6.3042	3.4460	0.2028	-0.9792
R	7.2927	0.4534	-0.0651	1477010472900000	6.3574	3.0498	0.0784	-0.9969
L	6.3965	2.6572	1477010473300000	6.3606	2.6501	-0.0471	-0.9989
R	6.1949	0.3084	-0.7155	1477010473700000	6.3136	2.2531	-0.1719	-0.9851
L	6.2079	1.6997	1477010474100000	6.2172	1.8651	-0.2941	-0.9558
R	6.3343	0.2133	-0.8556	1477010474500000	6.0730	1.4923	-0.4115	-0.9114
L	5.8392	1.0935	1477010474900000	5.8832	1.1405	-0.5225	-0.8526
R	5.8418	0.0787	-0.6707	1477010475300000	5.6507	0.8153	-0.6253	-0.7804
L	5.5769	0.7050	1477010475700000	5.3794	0.5218	-0.7181	-0.6959
R	5.1225	0.0434	-0.3765	1477010476100000	5.0734	0.2645	-0.7997	-0.6004
L	4.8311	0.3215	1477010476500000	4.7376	0.0477	-0.8686	-0.4955
R	4.4147	-0.0037	-0.8105	1477010476900000	4.3772	-0.1253	-0.9239	-0.3827
L	4.0752	-0.2068	1477010477300000	3.9980	-0.2518	-0.9646	-0.2639
R	3.5926	-0.1046	-0.8235	1477010477700000	3.6060	-0.3298	-0.9900	-0.1409
L	3.3508	-0.5214	1477010478100000	3.2072	-0.3580	-0.9999	-0.0157
R	2.6090	-0.0578	-1.3719	1477010478500000	2.8081	-0.3361	-0.9940	0.1097
L	2.2139	-0.2090	1477010478900000	2.4149	-0.2643	-0.9724	0.2334
R	2.1567	-0.0690	-0.6785	1477010479300000	2.0337	-0.1437	-0.9354	0.3535
L	1.6985	-0.1970	1477010479700000	1.6707	0.0236	-0.8838	0.4679
R	1.7034	0.1113	-0.7296	1477010480100000	1.3315	0.2352	-0.8181	0.5750
L	0.7408	0.5460	1477010480500000	1.0215	0.4875	-0.7396	0.6730
R	1.4163	0.8140	0.5744	1477010480900000	0.7456	0.7768	-0.6494	0.7604
L	0.1397	1.0014	1477010481300000	0.5081	1.0983	-0.5490	0.8358
R	0.6962	1.3660	1.7498	1477010481700000	0.3128	1.4471	-0.4399	0.8980
L	0.2061	1.8875	1477010482100000	0.1627	1.8176	-0.3239	0.9461
R	2.1606	1.5501	1.0475	1477010482500000	0.0603	2.2040	-0.2028	0.9792
L	0.1754	2.4465	1477010482900000	0.0071	2.6002	-0.0785	0.9969
